00000000
00000004
00000008
0000000C
00000010
00000014
00000018
0000001C
00000020
00000024
00000028
0000002C
00000030
00000034
00000038
00000004
00000008
0000000C
00000010
00000014
00000018
0000001C
00000020
00000024
00000028
0000002C
00000030
00000034
00000038
00000004
00000008
0000000C
00000010
00000014
00000018
0000001C
00000020
00000024
00000028
0000002C
00000030
00000034
00000038
00000004
00000008
0000000C
00000010
00000014
00000018
0000001C
00000020
00000024
00000028
0000002C
00000030
00000034
00000038
00000004
00000008
0000000C
00000010
00000014
00000018
0000001C
00000020
00000024
00000028
0000002C
00000030
00000034
00000038
00000004
00000008
0000000C
00000010
00000014
00000018
0000001C
00000020
00000024
00000028
0000002C
00000030
00000034
00000038
00000004
00000008
0000000C
00000010
00000014
00000018
0000001C
00000020
00000024
00000028
0000002C
00000030
00000034
00000038
00000004
00000008
0000000C
00000010
00000014
00000018
0000001C
00000020
00000024
00000028
0000002C
00000030
00000034
00000038
00000004
00000008
0000000C
00000010
00000014
00000018
0000001C
00000020
00000024
00000028
0000002C
00000030
00000034
00000038
00000004
00000008
0000000C
00000010
00000014
00000018
0000001C
00000020
00000024
00000028
0000002C
00000030
00000034
00000038
00000004
00000008
0000000C
00000010
00000014
00000018
0000001C
00000020
00000024
00000028
0000002C
00000030
00000034
00000038
00000004
00000008
0000000C
00000010
00000014
00000018
0000001C
00000020
00000024
00000028
0000002C
00000030
00000034
00000038
00000004
00000008
0000000C
00000010
00000014
00000018
0000001C
00000020
00000024
00000028
0000002C
00000030
00000034
00000038
00000004
00000008
0000000C
00000010
00000014
00000018
0000001C
00000020
00000024
00000028
0000002C
00000030
00000034
00000038
00000004
00000008
0000000C
00000010
00000014
00000018
0000001C
00000020
00000024
00000028
0000002C
00000030
00000034
00000038
00000004
00000008
0000000C
00000010
00000014
00000018
0000001C
00000020
00000024
00000028
0000002C
00000030
00000034
00000038
0000003C
00004000
00004004
00004008
0000400C
00004010
00004014
00004018
0000401C
00004020
00004024
00004028
0000402C
00004030
00004034
00004038
00004004
00004008
0000400C
00004010
00004014
00004018
0000401C
00004020
00004024
00004028
0000402C
00004030
00004034
00004038
00004004
00004008
0000400C
00004010
00004014
00004018
0000401C
00004020
00004024
00004028
0000402C
00004030
00004034
00004038
00004004
00004008
0000400C
00004010
00004014
00004018
0000401C
00004020
00004024
00004028
0000402C
00004030
00004034
00004038
00004004
00004008
0000400C
00004010
00004014
00004018
0000401C
00004020
00004024
00004028
0000402C
00004030
00004034
00004038
00004004
00004008
0000400C
00004010
00004014
00004018
0000401C
00004020
00004024
00004028
0000402C
00004030
00004034
00004038
00004004
00004008
0000400C
00004010
00004014
00004018
0000401C
00004020
00004024
00004028
0000402C
00004030
00004034
00004038
00004004
00004008
0000400C
00004010
00004014
00004018
0000401C
00004020
00004024
00004028
0000402C
00004030
00004034
00004038
00004004
00004008
0000400C
00004010
00004014
00004018
0000401C
00004020
00004024
00004028
0000402C
00004030
00004034
00004038
00004004
00004008
0000400C
00004010
00004014
00004018
0000401C
00004020
00004024
00004028
0000402C
00004030
00004034
00004038
00004004
00004008
0000400C
00004010
00004014
00004018
0000401C
00004020
00004024
00004028
0000402C
00004030
00004034
00004038
00004004
00004008
0000400C
00004010
00004014
00004018
0000401C
00004020
00004024
00004028
0000402C
00004030
00004034
00004038
00004004
00004008
0000400C
00004010
00004014
00004018
0000401C
00004020
00004024
00004028
0000402C
00004030
00004034
00004038
00004004
00004008
0000400C
00004010
00004014
00004018
0000401C
00004020
00004024
00004028
0000402C
00004030
00004034
00004038
00004004
00004008
0000400C
00004010
00004014
00004018
0000401C
00004020
00004024
00004028
0000402C
00004030
00004034
00004038
00004004
00004008
0000400C
00004010
00004014
00004018
0000401C
00004020
00004024
00004028
0000402C
00004030
00004034
00004038
0000403C
00001000
00001004
00005000
00001300
00005300
00005304
00001004
00005000
00001300
00005300
00005304
00001004
00005000
00001300
00005300
00005304
00001004
00005000
00001300
00005300
00005304
00001004
00005000
00001300
00005300
00005304
00001004
00005000
00001300
00005300
00005304
00001004
00005000
00001300
00005300
00005304
00001004
00005000
00001300
00005300
00005304
00001004
00005000
00001300
00005300
00005304
00001004
00005000
00001300
00005300
00005304
00001004
00005000
00001300
00005300
00005304
00001004
00005000
00001300
00005300
00005304
00001004
00005000
00001300
00005300
00005304
00001004
00005000
00001300
00005300
00005304
00001004
00005000
00001300
00005300
00005304
00001004
00005000
00001300
00005300
00005304
00001004
00005000
00001300
00005300
00005304
00001004
00005000
00001300
00005300
00005304
00001004
00005000
00001300
00005300
00005304
00001004
00005000
00001300
00005300
00005304
00001004
00005000
00001300
00005300
00005304
00001004
00005000
00001300
00005300
00005304
00001004
00005000
00001300
00005300
00005304
00001004
00005000
00001300
00005300
00005304
00001004
00005000
00001300
00005300
00005304
00001004
00005000
00001300
00005300
00005304
00001004
00005000
00001300
00005300
00005304
00001004
00005000
00001300
00005300
00005304
00001004
00005000
00001300
00005300
00005304
00001004
00005000
00001300
00005300
00005304
00001004
00005000
00001300
00005300
00005304
00001004
00005000
00001300
00005300
00005304
00001004
00005000
00001300
00005300
00005304
00001004
00005000
00001300
00005300
00005304
00001004
00005000
00001300
00005300
00005304
00001004
00005000
00001300
00005300
00005304
00001004
00005000
00001300
00005300
00005304
00001004
00005000
00001300
00005300
00005304
00001004
00005000
00001300
00005300
00005304
00001004
00005000
00001300
00005300
00005304
00001004
00005000
00001300
00005300
00005304
00001004
00005000
00001300
00005300
00005304
00001004
00005000
00001300
00005300
00005304
00001004
00005000
00001300
00005300
00005304
00001004
00005000
00001300
00005300
00005304
00001004
00005000
00001300
00005300
00005304
00001004
00005000
00001300
00005300
00005304
00001004
00005000
00001300
00005300
00005304
00001004
00005000
00001300
00005300
00005304
00001004
00005000
00001300
00005300
00005304
00001004
00005000
00001300
00005300
00005304
00001004
00005000
00001300
00005300
00005304
00001004
00005000
00001300
00005300
00005304
00001004
00005000
00001300
00005300
00005304
00001004
00005000
00001300
00005300
00005304
00001004
00005000
00001300
00005300
00005304
00001004
00005000
00001300
00005300
00005304
00001004
00005000
00001300
00005300
00005304
00001004
00005000
00001300
00005300
00005304
00001004
00005000
00001300
00005300
00005304
00001004
00005000
00001300
00005300
00005304
00001004
00005000
00001300
00005300
00005304
00001004
00005000
00001300
00005300
00005304
00001004
00005000
00001300
00005300
00005304
00005308
00002000
00002004
00006000
00002008
00006004
0000200C
00006008
00002010
0000600C
00002014
00006010
00002018
00006014
0000201C
00006018
00002020
0000601C
00002024
00006020
00002028
00006024
0000202C
00006028
00002030
0000602C
00002034
00006030
00002038
00006034
00006038
00002004
00006000
00002008
00006004
0000200C
00006008
00002010
0000600C
00002014
00006010
00002018
00006014
0000201C
00006018
00002020
0000601C
00002024
00006020
00002028
00006024
0000202C
00006028
00002030
0000602C
00002034
00006030
00002038
00006034
00006038
00002004
00006000
00002008
00006004
0000200C
00006008
00002010
0000600C
00002014
00006010
00002018
00006014
0000201C
00006018
00002020
0000601C
00002024
00006020
00002028
00006024
0000202C
00006028
00002030
0000602C
00002034
00006030
00002038
00006034
00006038
00002004
00006000
00002008
00006004
0000200C
00006008
00002010
0000600C
00002014
00006010
00002018
00006014
0000201C
00006018
00002020
0000601C
00002024
00006020
00002028
00006024
0000202C
00006028
00002030
0000602C
00002034
00006030
00002038
00006034
00006038
00002004
00006000
00002008
00006004
0000200C
00006008
00002010
0000600C
00002014
00006010
00002018
00006014
0000201C
00006018
00002020
0000601C
00002024
00006020
00002028
00006024
0000202C
00006028
00002030
0000602C
00002034
00006030
00002038
00006034
00006038
00002004
00006000
00002008
00006004
0000200C
00006008
00002010
0000600C
00002014
00006010
00002018
00006014
0000201C
00006018
00002020
0000601C
00002024
00006020
00002028
00006024
0000202C
00006028
00002030
0000602C
00002034
00006030
00002038
00006034
00006038
00002004
00006000
00002008
00006004
0000200C
00006008
00002010
0000600C
00002014
00006010
00002018
00006014
0000201C
00006018
00002020
0000601C
00002024
00006020
00002028
00006024
0000202C
00006028
00002030
0000602C
00002034
00006030
00002038
00006034
00006038
00002004
00006000
00002008
00006004
0000200C
00006008
00002010
0000600C
00002014
00006010
00002018
00006014
0000201C
00006018
00002020
0000601C
00002024
00006020
00002028
00006024
0000202C
00006028
00002030
0000602C
00002034
00006030
00002038
00006034
00006038
0000603C
0000603C
0000603C
0000603C
0000603C
0000603C
0000603C
0000603C
0000603C
0000603C
0000603C
0000603C
0000603C
0000603C
0000603C
0000603C
0000603C
